!
0.3868911357	0.7433678739	0.6908011061	0.7979336336	0.9783641449	1.0350246008	0.9654469049	0.7384617901	0.6571132599	0.3244481186
0.5168879195	0.4759509812	0.6680271128	0.8310163576	0.966993278	1.0070675356	0.9133615262	1.0302739855	1.0016329098	0.8423564574
0.4561288369	0.5100669175	0.6264762367	0.8630795495	0.9704074183	1.0269150676	0.999475507	1.1959419091	1.1326234416	0.8659441522
0.4451733994	0.4904013774	0.7192208072	0.8403321344	0.9457972014	1.0190077425	1.0297794354	1.1074054423	1.052618922	0.9551588958
0.4081850551	0.44180893	0.6783648478	0.8445038375	1.0055785854	1.1389520447	1.078435013	1.2039373054	-	-
0.3042533269	0.3158509461	0.4718963916	0.5946733328	0.6999018204	0.7704685689	0.7685651699	0.8638935104	0.8224340278	0.7384261819
0.3702573343	0.3968329552	0.6298860481	0.7850366654	0.9246834945	1.0526540656	1.034046332	1.1595350533	1.0763769076	0.9875844338
0.458694543	0.3664411706	0.5174320795	0.7269222882	0.8449444316	0.9668784453	0.9063839703	1.0115772002	0.9307615328	0.8126925592
0.3638109597	0.4213068898	0.5801982712	0.7684071644	0.9150501059	0.9372401433	1.0093236135	1.0756953381	1.0507494921	0.8482258639
0.3395246419	-	0.4592417501	0.6592643223	0.7995139201	0.9173177025	0.849621252	1.009834157	1.1371000361	0.9923841922
0.3259600593	0.3194021335	0.5129319998	0.6660519394	-	1.0070682889	0.8622935379	0.9321233996	0.9818325956	0.8303682821
0.3688674148	0.3493331854	0.4917521642	0.6089147783	0.73112445	1.0577387831	0.8978705078	0.9770993245	0.8785265857	0.8371184805
0.3023314244	-	0.5155426187	0.7184646934	-	0.8007990722	0.8482400252	0.9101681036	0.8845875336	0.7902973757
0.2462066406	0.2985672274	0.4453662295	0.6345112614	-	-	0.8405091505	0.8642898514	0.8622596659	0.7343453868
0.3073645483	0.3189912585	0.4957868122	0.6979537553	0.810361337	0.8580952252	0.8645919815	0.9915269523	1.0362706417	0.9027411912
0.2477550081	0.2894507753	0.3859236202	0.484082675	0.619380273	0.7031580407	0.7562004918	0.8392089545	0.7388232961	0.7253457252
0.2405160239	0.2262476434	0.3626588129	0.4711627548	0.595810257	0.6472115281	0.6849750143	0.7566169821	0.823164435	0.7546788227
0.2723625689	0.2745291181	0.470004374	0.5427942289	0.659913549	0.7226927578	0.7628658565	0.775769255	0.8661759137	-
0.2263691504	0.2050713514	0.3435696507	-	0.533728674	0.6819902099	0.6879304047	0.8551670273	0.8304839671	0.7455139573
-	-	0.2626197334	0.3793471375	0.4836956376	0.5346381602	0.6026344063	0.6637112837	0.8155993786	0.7234838328
0.213738089	-	0.2582353987	0.4261455631	0.5438568327	0.6114828211	-	-	-	-
0.1906783485	0.1600993258	0.2570086066	0.3524739621	0.4686913674	0.5001489357	0.5346581173	0.6038075254	0.5990686232	0.5572821602
0.1396279536	0.1606549712	0.2046105525	0.2870436474	0.3176421476	0.4025753996	0.4315815066	0.5350572077	0.5838310792	0.513401507
0.2382202583	0.1922543905	0.3646856075	0.3503189671	0.455963708	0.5284224904	0.5160188863	0.7196893769	0.6879055378	0.6373035515
0.1649537831	0.1644269377	0.2373216716	0.2988349822	0.3508820364	0.4135081441	0.4095500998	0.5030727311	0.5004408574	0.4219077273
0.1717462992	0.1804180319	0.3826094488	0.2838889337	0.3435622921	0.3359203228	0.4580294511	0.4534583883	0.4374062364	0.4480050514
0.174222602	0.1526316506	0.2560403243	-	-	0.4783977147	-	-	0.7121954576	0.5938244623
0.2434052033	0.2122244879	0.3228611872	0.4089143359	0.5057048549	0.5871278869	0.5809115934	0.5771542641	0.5864572942	-
0.2437985152	0.2417405381	0.409400781	0.4990911579	0.5440258718	0.7013741174	0.614893534	0.6935023497	0.7679347091	0.6660950913
0.2589888393	0.2489789624	0.3642485912	0.4426128083	0.5167338207	0.6168720939	0.7393450562	0.7802727126	0.7309684474	0.5998919246
0.272835683	0.2101183472	0.304003478	0.3734290858	0.4377336728	0.4657961724	0.5072319766	0.4744386132	0.5097810829	0.4762987795
0.2812430854	0.2588275921	0.4413474727	0.5371880839	0.5915332066	0.6553114045	0.6708935315	0.6971940763	0.6839978238	0.6757556221
0.2607835371	0.269005387	0.4530393874	0.519114164	0.6079716429	0.6564513391	0.6444015899	0.6883090469	0.7195775951	0.644049173
0.372840827	0.3922882387	0.5930640317	0.739846547	0.7722879285	0.8808830928	0.8559536108	0.8994518752	0.9134001379	0.7637497363
0.35372936	0.4342051363	0.5866965105	0.7067577414	0.7691599563	0.8364353392	0.8003272705	0.8738234883	0.8702539365	0.8118952315
0.4140391609	0.4098795169	0.6085961451	0.7748058101	-	-	0.7687594681	0.7859883281	0.9491523005	0.9002146462
0.4077321159	0.4159861099	0.5848934377	0.7492537468	0.8227613596	0.8534382256	0.8582903985	-	-	0.5714321259
0.3701797409	0.3307129255	0.4691081137	0.5529693514	0.6372497852	0.6788137588	0.692087874	0.6638352463	0.7370003075	0.6220273023
0.2863799215	0.2642600777	0.4069132138	0.4243793113	0.4857631531	0.5176803264	0.5456433376	0.5440275172	0.5937201686	0.5506791187
0.2961963918	0.2355942798	0.3766367142	0.4233349435	0.5037555093	0.533314567	0.5325497792	0.5587678538	-	0.5181348596
0.1874495013	0.1560095814	0.2133759753	0.2181878498	0.2497483766	0.2694282195	0.2936812596	0.2968358353	0.2754602387	0.2701053798
0.3034205204	0.1519889988	0.2342273673	0.2726610672	0.3017520916	0.3237151321	0.3285326936	0.3483640342	0.3352976822	0.3025474838
0.2451811109	0.1343750447	0.1379635603	0.1393370204	0.1492489671	0.1568412516	0.1773169413	0.1484296777	0.158163074	0.1461618671
0.2124135054	0.1476490099	0.1718384258	0.2039289714	0.2091097453	0.2055373942	0.2257810585	0.1834220561	0.2022599428	0.1699345519
0.1604199181	0.1385135141	0.2026865488	0.2207389539	0.2080439944	0.3287036763	0.3165373041	0.3091140708	-	-
0.1251265407	0.1331194451	0.1243736094	0.1312741866	0.1470756724	0.160078134	0.1650743881	0.1660515886	0.1516370152	0.1683140934
-0.0171142757	0.1969942408	0.1683612555	0.1446326552	0.1365804244	0.1786062451	0.1357854756	0.1723931413	0.2338563737	0.1943587979
-	0.0330830173	0.1338713079	0.1068148018	0.1204187331	0.1237649441	0.138396722	0.1504931597	0.1342538721	0.1254547672
-	-	-	0.1508231101	-	0.2058854417	0.1868013914	0.1991049276	0.2004946351	0.1933665753
0.0960595782	0.0069497434	0.0572513458	0.0451829211	0.0714972566	0.1095276251	0.1679205026	0.1490746477	0.1363091983	0.1410160562
-	0.1027666831	0.0597858024	0.0422563605	0.0376201958	0.1017995458	0.0643137686	0.1135703427	0.104617109	0.1337701601
0.1514052768	0.0827332052	0.116850963	0.1059899169	0.1201329665	0.1044534804	0.1298391318	0.144200277	0.1399165247	0.1372692448
-	-	-	-	0.1117725709	0.1234466749	-	0.0737414662	0.0907587542	0.1265762054
-	0.1222226895	0.0792391145	0.0166679618	0.0269971493	0.0099352458	0.0134390985	0.213931547	0.0436259321	0.0971309925
-	-	0.0110723081	0.0156779656	-	-	-	0.0090207271	0.0290465802	0.0360842392
-	0.0252778306	0.0006749395	0.019017083	0.0561790797	0.0088644626	0.023567296	0.0642792013	0.0356816297	0.0419924213
-	-0.019070344	0.0645518778	0.0352648944	0.050296617	0.073057335	0.0309545094	0.0479502085	0.0264867219	0.1208046192
-	-	-0.0328514617	0.0205687227	0.0423700687	0.0229311423	0.0153271059	0.0539731042	0.0077210391	0.0358972236
-	-	0.0681832126	0.0629664293	0.0404639153	-0.0182185631	-0.0248252009	-0.011682753	0.018359376	0.00077049398
-	-	0.0927825996	0.0802022178	0.0363145986	-0.0012132671	0.0674459041	0.1492575572	0.0318671581	0.0236604458
-	-	-	0.0276179862	0.1599382984	-	-	0.0656604686	0.0201623303	0.0199616551
-	-	-	0.0659498085	-0.0346708339	-0.0281708782	0.1396044114	-0.0244256515	0.0422778982	0.0520755935
-	-	-	0.0242757508	0.054259019	0.0306484967	0.0382251113	-0.002551648	0.0503751101	0.0324697514
-	-	0.2390559879	0.0956385959	0.1234741846	0.1449317491	0.1953670659	-	-	0.2700929517
-	-	0.0169097942	0.037345304	0.5172502591	0.1661154592	0.2117885716	0.1389928407	0.1401643445	0.0949302823
-	0.0995100328	-	-	0.0756386308	0.1062682606	-	0.0728678698	0.0931779931	0.1736870606
-	0.1207159078	0.154009853	0.1020903924	0.1641371834	0.1877034713	-	-	0.3386312299	0.1250315141
-	-	-	0.1044127073	0.1317217077	0.2082602954	0.3156459487	0.2114076498	0.2475772164	0.2826018937
0.1193236705	0.0252632298	0.2127219423	0.1497698428	0.1588386212	0.1952140479	0.4401210035	0.2907738178	0.2073235775	0.2815407765
0.4252876334	0.247763669	0.2002421308	-	0.1336198044	0.1846225399	0.1908508391	-	0.1928648044	0.1169100999
-	-	-	0.2606743709	0.3544815236	0.199320371	-	0.2049114989	0.1950106636	0.2016584616
-	0.1409166052	0.2784611383	0.3007291566	0.1649587334	0.2713755195	0.2133473115	0.2906563397	-	-
-	-	-	-	-	0.2446536231	0.2968033812	0.4070521538	0.2724208836	-
-	0.1161701828	0.2783169625	0.2573966404	0.3369351238	0.3027899816	-	0.3568715031	0.1948536331	0.5166491706
-	-	0.3171820625	0.3789706548	0.4068476404	0.4768067628	-	-	0.4465188793	0.408488468
-	-	0.3128956475	0.4633559064	0.5907016591	0.5098790819	0.7339584607	0.8257999692	0.7618799611	0.6727488855
-	-	-	0.5594917396	0.5576990866	0.8063134168	0.7534137957	0.8196261883	0.7120860799	0.5983042318
-	-	0.3100103245	0.3901159868	-	-	-	-	0.5940632854	0.6599660695
-	0.4520931346	-	-	-	0.7542618083	0.7190698679	0.8629672743	0.7997964036	0.859114369
-	0.5994892558	0.4572520449	0.5510882095	-	0.5236617746	1.2003075055	1.264444825	1.0945151369	1.0293356951
-	0.5167039627	0.4598304931	0.4959166725	0.7463098443	0.8517773914	0.8537574677	1.0433604827	-	0.8386084515
-	0.3936564849	-	-	-	0.8047841013	0.8225882139	0.8489169583	0.6449618948	0.5532517904
0.4806424632	0.4419258712	0.5235985239	0.6277948894	0.800483074	0.9464082845	1.0036798635	1.2243147932	1.0960989556	0.939782796
0.4925162774	0.4698585363	0.693302548	0.8810404991	1.0081745842	1.1394144125	1.1554742509	1.2874193319	1.1801213495	1.0547677648