!
18.93591	25.18317	23.74195	19.12005	18.32198	18.57374	18.87654	20.50444	22.36261	24.05582
17.41373	15.83902	15.53873	15.60631	15.47061	15.28491	15.19769	15.23575	15.36181	15.46709
14.21831	14.5983	14.92653	14.53818	14.18339	14.22207	14.08416	14.65944	13.79922	13.7902
14.3407	13.55247	13.55343	13.48955	13.56865	13.64167	13.55588	13.47057	13.62901	13.59552
14.02709	13.35343	13.22209	13.88739	13.67092	13.65152	13.52513	13.1612	-	-
14.9131	14.03963	14.15533	14.37207	14.17873	14.30368	14.02515	14.30971	14.08016	13.95736
15.53846	15.20778	15.64879	15.18939	15.379	15.3113	15.40891	15.71493	15.72783	15.53721
39.14385	16.99759	16.02164	16.23301	17.16075	16.87079	16.6239	15.62697	16.12322	16.71264
17.46555	16.65336	15.31694	15.40276	14.92862	15.1659	14.62579	15.31273	15.45243	15.36736
18.46389	-	14.19389	14.24607	13.34514	13.82996	14.35538	14.3952	15.09626	13.94745
14.1804	14.41311	13.8191	14.42643	-	16.52793	14.90785	14.08978	13.31224	13.21636
15.97403	14.34344	12.60748	11.89681	14.50851	13.40191	12.74175	13.83802	13.46758	12.78503
18.14264	-	15.6532	15.29148	-	14.70917	14.17867	14.49144	13.79205	13.46257
16.53318	15.28581	14.70003	15.68455	-	-	15.94633	14.862	14.25258	14.31634
16.45838	14.16989	14.96104	14.46111	13.72328	13.98255	13.58346	13.69832	14.24106	13.99754
16.857	33.84408	14.15891	14.96611	14.67764	14.37144	13.72113	14.61914	13.6985	13.60292
18.98023	15.73947	16.20465	15.66897	15.5704	15.80622	14.83507	15.12507	15.72938	16.99894
16.30023	16.46805	15.1254	14.42338	14.19043	14.86988	13.7745	14.40601	15.48318	-
16.93915	16.59091	16.59474	-	14.28386	14.71454	14.34338	14.44625	14.37413	14.11563
-	-	15.45721	14.53741	14.64123	14.13163	13.24347	14.65096	13.99211	13.25188
63.02875	-	14.29443	13.7536	14.46535	14.91531	-	-	-	-
16.7761	15.36951	14.72463	14.90265	15.40008	15.15029	14.88659	14.92946	14.98295	14.84773
19.23486	15.95463	16.17839	14.76887	15.02934	14.32649	14.43502	14.29622	14.47257	13.77235
17.54976	17.72378	16.2231	15.81541	15.07513	14.73012	14.9377	14.66218	15.06414	15.03668
14.22762	14.41162	13.93611	13.45063	13.81438	13.39451	13.59862	14.01658	13.76357	13.35809
19.35736	16.54811	33.70295	14.51269	13.4748	14.24106	14.05234	14.09055	12.90449	14.1333
17.10123	15.69374	15.21453	-	-	15.28456	-	-	14.74421	14.34786
16.27235	14.91764	15.16044	15.10337	15.27321	15.65488	14.71358	14.62212	14.48207	-
17.11449	16.37146	16.52256	16.19642	16.93395	15.47476	14.44535	14.63078	14.98265	14.82994
17.15926	15.8886	15.57386	15.34891	14.71054	15.18426	15.11948	15.18098	15.387	14.58302
16.02633	13.66564	13.54618	13.66417	13.84715	13.9336	13.8122	13.65397	13.35352	13.15096
16.48196	15.20426	14.83907	14.90976	14.93662	14.95083	14.2758	14.21342	14.56529	13.18096
14.71555	14.2201	14.10058	14.04237	14.13479	14.4872	13.86901	14.45013	14.20422	13.88381
16.97204	15.85774	15.74183	14.84898	14.84063	14.63603	14.72806	14.11136	14.20061	14.37986
15.91386	16.23528	16.36143	15.85341	15.74004	16.44193	15.72723	15.84929	15.39267	14.91615
14.02703	13.56137	13.576	13.9493	-	-	14.15234	14.19413	14.5309	13.64023
16.35599	15.32945	14.31294	14.16398	14.05622	14.08279	14.20279	-	-	24.74542
13.6822	13.52077	12.73094	12.5993	12.57184	12.73822	12.1183	12.42551	12.58247	12.55841
14.68272	13.70077	13.37558	13.63277	13.576	13.65832	13.66089	13.74298	13.80372	13.31663
16.99944	16.04191	15.56521	15.34551	15.51416	15.37273	15.56133	15.45906	-	14.55986
20.37925	16.89389	17.69728	17.37645	17.35609	17.53364	16.7182	15.87051	17.30117	17.90533
21.52716	17.79835	17.9045	18.29129	17.72946	17.53071	17.4946	18.33356	18.10515	17.07646
16.05302	16.06358	14.41962	15.93857	15.69159	15.92114	15.48085	15.76693	15.82932	15.8386
18.61559	16.83933	18.59344	26.91886	30.78988	14.69615	15.10593	14.74952	14.81776	13.70411
16.35038	16.20722	16.12263	14.44613	14.91782	15.96269	15.62395	15.02761	-	-
15.73768	14.10309	13.6474	13.38884	13.46609	13.5083	13.22759	13.58241	12.98073	13.05123
23.73726	25.95871	18.95128	17.34552	17.34696	16.72381	15.97929	16.15648	15.73308	15.39315
-	17.59949	14.85782	14.73102	14.05814	13.47427	13.76286	13.25827	13.6511	13.14174
-	-	-	18.97152	-	15.7332	16.23767	15.16653	14.70534	14.66714
18.36252	19.08011	17.76958	16.85963	17.24935	17.05114	16.47498	16.53724	16.31647	16.43277
-	18.77266	14.51007	15.72837	14.85227	14.72606	14.59556	14.53639	15.15429	14.89567
24.69008	21.52495	17.05025	16.26555	16.46178	16.0483	15.41309	15.34706	14.44744	14.96241
-	-	-	-	18.6575	24.91837	-	17.39639	16.52077	15.62323
-	17.60773	17.11866	15.14689	15.55231	15.90896	14.34237	14.69514	14.22607	13.72256
-	-	15.95373	17.56648	-	-	-	13.75802	14.04596	13.78865
-	18.26819	18.00127	18.40043	17.89321	17.8439	15.31333	15.74198	14.97131	15.5338
-	18.9428	18.90412	16.80315	15.94985	16.69557	14.97794	14.8528	15.18438	14.68167
-	-	18.93558	16.50286	17.3617	17.28051	15.91702	14.9725	15.14307	56.25269
-	-	18.26019	17.90599	18.01148	18.10766	17.94891	17.1189	16.12239	15.84896
-	-	93.88567	18.04563	15.87911	16.00675	17.60182	15.65714	15.37476	16.03433
-	-	-	20.18761	22.70505	-	-	18.2144	15.80622	16.13636
-	-	-	35.24181	22.43437	21.57489	18.38249	19.43915	17.28806	17.56522
-	-	-	23.12229	21.68549	22.14431	20.36722	18.59618	18.25888	16.56244
-	-	31.18175	24.1794	21.39773	22.95525	26.10664	-	-	26.70305
-	-	25.45585	20.91673	60.34702	51.61324	21.00228	20.1623	15.55374	16.29098
-	23.76425	-	-	21.49415	19.60356	-	15.85995	15.42987	15.267
-	24.23534	20.90992	21.00914	19.62285	42.56771	-	-	17.55191	15.43052
-	-	-	20.11985	21.43469	16.30877	16.12895	15.96388	15.25166	14.91024
96.66675	24.5936	22.09766	16.75067	17.65979	16.58542	14.02393	15.94251	16.25373	14.64081
68.16063	55.26062	17.7417	-	16.64841	16.0686	15.12331	-	16.85264	14.50517
-	-	-	21.59522	19.97388	16.94524	-	15.04695	15.63482	14.52338
-	23.59243	16.10102	18.43177	17.40469	17.42511	17.66755	16.37581	-	-
-	-	-	-	-	16.56745	17.46439	14.85603	15.02946	-
-	22.83346	17.92139	16.05755	16.15433	16.08239	-	16.08621	15.41494	15.79368
-	-	18.89427	18.95265	17.46307	17.17598	-	-	15.6015	15.48664
-	-	19.15372	17.55824	16.79945	16.72166	16.26919	16.67993	16.18358	15.72425
-	-	-	15.44109	14.15855	13.64113	14.0564	13.20681	13.31767	13.33935
-	-	18.67105	14.89197	-	-	-	-	13.87689	12.95082
-	28.38086	-	-	-	17.40158	14.3832	14.61293	16.11093	14.21479
-	23.19913	18.62639	18.49332	-	18.10258	15.7067	16.55408	16.23236	16.55301
-	21.75205	18.92244	17.91614	17.6802	17.85483	14.84403	15.14163	-	14.63024
-	27.89723	-	-	-	16.74452	14.66099	14.07969	13.62047	14.52338
25.68367	20.07705	17.84862	17.8445	17.78551	16.39922	17.12099	16.58936	17.07102	16.35477
17.89465	16.56309	15.80944	15.39452	15.10265	14.9285	14.89943	14.84809	14.73806	14.63705